508483.23600809	6300928.66835992	240.53869927
508483.43600809	6300928.66835992	240.54559927
508483.63600809	6300928.66835992	240.49842047
508483.83600809	6300928.66835992	240.49957909
508484.03600809	6300928.66835992	240.59109927
508484.23600809	6300928.66835992	240.49992075
508484.43600809	6300928.66835992	240.59609927
508484.63600809	6300928.66835992	240.53089927
508484.83600809	6300928.66835992	240.52799927
508485.03600809	6300928.66835992	240.56449927
508485.23600809	6300928.66835992	240.60639927
508485.43600809	6300928.66835992	240.54559927
508485.63600809	6300928.66835992	240.53869927
508485.83600809	6300928.66835992	240.59079927
508486.03600809	6300928.66835992	240.51729927
508486.23600809	6300928.66835992	240.56489927
508486.43600809	6300928.66835992	240.52969927
508486.63600809	6300928.66835992	240.53759927
508486.83600809	6300928.66835992	240.61539927
508487.03600809	6300928.66835992	240.56579927
508487.23600809	6300928.66835992	240.55329927
508487.43600809	6300928.66835992	240.55549927
508487.63600809	6300928.66835992	240.50169927
508487.83600809	6300928.66835992	240.46721635
508488.03600809	6300928.66835992	240.49192009
508488.23600809	6300928.66835992	240.49649927
508488.43600809	6300928.66835992	240.48919927
508488.63600809	6300928.66835992	240.42919927
508488.83600809	6300928.66835992	240.48819178
508489.03600809	6300928.66835992	240.46899927
508489.23600809	6300928.66835992	240.48865529
508489.43600809	6300928.66835992	240.48849296
508489.63600809	6300928.66835992	240.48849769
508489.83600809	6300928.66835992	240.48848698
508490.03600809	6300928.66835992	240.48848815
508490.23600809	6300928.66835992	240.48848998
508490.43600809	6300928.66835992	240.48849099
508490.63600809	6300928.66835992	240.48849708
508490.83600809	6300928.66835992	240.48850818
508491.03600809	6300928.66835992	240.48852965
508491.23600809	6300928.66835992	240.48859285
508491.43600809	6300928.66835992	240.48739670
508491.63600809	6300928.66835992	240.48805693
508483.23600809	6300928.86835992	240.54559927
508483.43600809	6300928.86835992	240.54559927
508483.63600809	6300928.86835992	240.51588904
508483.83600809	6300928.86835992	240.51665959
508484.03600809	6300928.86835992	240.59109927
508484.23600809	6300928.86835992	240.51547514
508484.43600809	6300928.86835992	240.59609927
508484.63600809	6300928.86835992	240.53089927
508484.83600809	6300928.86835992	240.52799927
508485.03600809	6300928.86835992	240.56449927
508485.23600809	6300928.86835992	240.60639927
508485.43600809	6300928.86835992	240.54559927
508485.63600809	6300928.86835992	240.53869927
508485.83600809	6300928.86835992	240.59079927
508486.03600809	6300928.86835992	240.51729927
508486.23600809	6300928.86835992	240.56489927
508486.43600809	6300928.86835992	240.52969927
508486.63600809	6300928.86835992	240.53759927
508486.83600809	6300928.86835992	240.61539927
508487.03600809	6300928.86835992	240.56579927
508487.23600809	6300928.86835992	240.55329927
508487.43600809	6300928.86835992	240.55549927
508487.63600809	6300928.86835992	240.50169927
508487.83600809	6300928.86835992	240.49985250
508488.03600809	6300928.86835992	240.44087753
508488.23600809	6300928.86835992	240.43555194
508488.43600809	6300928.86835992	240.48919927
508488.63600809	6300928.86835992	240.42919927
508488.83600809	6300928.86835992	240.41008886
508489.03600809	6300928.86835992	240.46899927
508489.23600809	6300928.86835992	240.41008166
508489.43600809	6300928.86835992	240.41007985
508489.63600809	6300928.86835992	240.41007985
508489.83600809	6300928.86835992	240.41007973
508490.03600809	6300928.86835992	240.41007974
508490.23600809	6300928.86835992	240.41007980
508490.43600809	6300928.86835992	240.41007982
508490.63600809	6300928.86835992	240.41007999
508490.83600809	6300928.86835992	240.41008027
508491.03600809	6300928.86835992	240.41008026
508491.23600809	6300928.86835992	240.41007975
508491.43600809	6300928.86835992	240.41626688
508491.63600809	6300928.86835992	240.41544723
508483.23600809	6300929.06835992	240.49649927
508483.43600809	6300929.06835992	240.49649927
508483.63600809	6300929.06835992	240.49649927
508483.83600809	6300929.06835992	240.49649927
508484.03600809	6300929.06835992	240.49649927
508484.23600809	6300929.06835992	240.49649927
508484.43600809	6300929.06835992	240.49649927
508484.63600809	6300929.06835992	240.49649927
508484.83600809	6300929.06835992	240.49649927
508485.03600809	6300929.06835992	240.49649927
508485.23600809	6300929.06835992	240.49649927
508485.43600809	6300929.06835992	240.49649927
508485.63600809	6300929.06835992	240.49649927
508485.83600809	6300929.06835992	240.49649927
508486.03600809	6300929.06835992	240.49649927
508486.23600809	6300929.06835992	240.49649927
508486.43600809	6300929.06835992	240.49649927
508486.63600809	6300929.06835992	240.49649927
508486.83600809	6300929.06835992	240.49649927
508487.03600809	6300929.06835992	240.49649927
508487.23600809	6300929.06835992	240.49649927
508487.43600809	6300929.06835992	240.49649927
508487.63600809	6300929.06835992	240.49649927
508487.83600809	6300929.06835992	240.49649927
508488.03600809	6300929.06835992	240.49649927
508488.23600809	6300929.06835992	240.44459356
508488.43600809	6300929.06835992	240.48919927
508488.63600809	6300929.06835992	240.48919927
508488.83600809	6300929.06835992	240.48919927
508489.03600809	6300929.06835992	240.48919927
508489.23600809	6300929.06835992	240.48919927
508489.43600809	6300929.06835992	240.48919927
508489.63600809	6300929.06835992	240.48919927
508489.83600809	6300929.06835992	240.48919927
508490.03600809	6300929.06835992	240.48919927
508490.23600809	6300929.06835992	240.48919927
508490.43600809	6300929.06835992	240.48919927
508490.63600809	6300929.06835992	240.48919927
508490.83600809	6300929.06835992	240.48919927
508491.03600809	6300929.06835992	240.48919927
508491.23600809	6300929.06835992	240.48919927
508491.43600809	6300929.06835992	240.48919927
508491.63600809	6300929.06835992	240.48919927
508483.23600809	6300929.26835992	240.54758074
508483.43600809	6300929.26835992	240.54735244
508483.63600809	6300929.26835992	240.55124821
508483.83600809	6300929.26835992	240.55124922
508484.03600809	6300929.26835992	240.55128403
508484.23600809	6300929.26835992	240.55124934
508484.43600809	6300929.26835992	240.55128604
508484.63600809	6300929.26835992	240.55125438
508484.83600809	6300929.26835992	240.55125376
508485.03600809	6300929.26835992	240.55127211
508485.23600809	6300929.26835992	240.55129224
508485.43600809	6300929.26835992	240.55126220
508485.63600809	6300929.26835992	240.55125836
508485.83600809	6300929.26835992	240.55128366
508486.03600809	6300929.26835992	240.55124734
508486.23600809	6300929.26835992	240.55127059
508486.43600809	6300929.26835992	240.55125451
508486.63600809	6300929.26835992	240.55125911
508486.83600809	6300929.26835992	240.55129717
508487.03600809	6300929.26835992	240.52209509
508487.23600809	6300929.26835992	240.51491034
508487.43600809	6300929.26835992	240.49108921
508487.63600809	6300929.26835992	240.48890488
508487.83600809	6300929.26835992	240.46641970
508488.03600809	6300929.26835992	240.47609008
508488.23600809	6300929.26835992	240.47344030
508488.43600809	6300929.26835992	240.40679927
508488.63600809	6300929.26835992	240.40679927
508488.83600809	6300929.26835992	240.40679927
508489.03600809	6300929.26835992	240.40679927
508489.23600809	6300929.26835992	240.40679927
508489.43600809	6300929.26835992	240.40679927
508489.63600809	6300929.26835992	240.40679927
508489.83600809	6300929.26835992	240.40679927
508490.03600809	6300929.26835992	240.40679927
508490.23600809	6300929.26835992	240.40679927
508490.43600809	6300929.26835992	240.40679927
508490.63600809	6300929.26835992	240.40679927
508490.83600809	6300929.26835992	240.40679927
508491.03600809	6300929.26835992	240.40679927
508491.23600809	6300929.26835992	240.40679927
508491.43600809	6300929.26835992	240.40679927
508491.63600809	6300929.26835992	240.40679927
508483.23600809	6300929.46835992	240.50169927
508483.43600809	6300929.46835992	240.50169927
508483.63600809	6300929.46835992	240.50169927
508483.83600809	6300929.46835992	240.50169927
508484.03600809	6300929.46835992	240.50169927
508484.23600809	6300929.46835992	240.50169927
508484.43600809	6300929.46835992	240.50169927
508484.63600809	6300929.46835992	240.50169927
508484.83600809	6300929.46835992	240.50169927
508485.03600809	6300929.46835992	240.50169927
508485.23600809	6300929.46835992	240.50169927
508485.43600809	6300929.46835992	240.50169927
508485.63600809	6300929.46835992	240.50169927
508485.83600809	6300929.46835992	240.50169927
508486.03600809	6300929.46835992	240.50169927
508486.23600809	6300929.46835992	240.50169927
508486.43600809	6300929.46835992	240.50169927
508486.63600809	6300929.46835992	240.50169927
508486.83600809	6300929.46835992	240.50169927
508487.03600809	6300929.46835992	240.50169927
508487.23600809	6300929.46835992	240.50169927
508487.43600809	6300929.46835992	240.50169927
508487.63600809	6300929.46835992	240.46801303
508487.83600809	6300929.46835992	240.48335837
508488.03600809	6300929.46835992	240.47673675
508488.23600809	6300929.46835992	240.48311093
508488.43600809	6300929.46835992	240.47931279
508488.63600809	6300929.46835992	240.42919927
508488.83600809	6300929.46835992	240.42919927
508489.03600809	6300929.46835992	240.42919927
508489.23600809	6300929.46835992	240.42919927
508489.43600809	6300929.46835992	240.42919927
508489.63600809	6300929.46835992	240.42919927
508489.83600809	6300929.46835992	240.42919927
508490.03600809	6300929.46835992	240.42919927
508490.23600809	6300929.46835992	240.42919927
508490.43600809	6300929.46835992	240.42919927
508490.63600809	6300929.46835992	240.42919927
508490.83600809	6300929.46835992	240.42919927
508491.03600809	6300929.46835992	240.42919927
508491.23600809	6300929.46835992	240.42919927
508491.43600809	6300929.46835992	240.42919927
508491.63600809	6300929.46835992	240.42919927
508483.23600809	6300929.66835992	240.55329927
508483.43600809	6300929.66835992	240.55329927
508483.63600809	6300929.66835992	240.55329927
508483.83600809	6300929.66835992	240.55329927
508484.03600809	6300929.66835992	240.55329927
508484.23600809	6300929.66835992	240.55329927
508484.43600809	6300929.66835992	240.55329927
508484.63600809	6300929.66835992	240.55329927
508484.83600809	6300929.66835992	240.55329927
508485.03600809	6300929.66835992	240.55329927
508485.23600809	6300929.66835992	240.55329927
508485.43600809	6300929.66835992	240.55329927
508485.63600809	6300929.66835992	240.55329927
508485.83600809	6300929.66835992	240.55329927
508486.03600809	6300929.66835992	240.55329927
508486.23600809	6300929.66835992	240.55329927
508486.43600809	6300929.66835992	240.55329927
508486.63600809	6300929.66835992	240.55329927
508486.83600809	6300929.66835992	240.55329927
508487.03600809	6300929.66835992	240.55329927
508487.23600809	6300929.66835992	240.55329927
508487.43600809	6300929.66835992	240.49613772
508487.63600809	6300929.66835992	240.50664729
508487.83600809	6300929.66835992	240.46409927
508488.03600809	6300929.66835992	240.46129927
508488.23600809	6300929.66835992	240.49488357
508488.43600809	6300929.66835992	240.47758260
508488.63600809	6300929.66835992	240.47829927
508488.83600809	6300929.66835992	240.47829927
508489.03600809	6300929.66835992	240.47829927
508489.23600809	6300929.66835992	240.47829927
508489.43600809	6300929.66835992	240.47829927
508489.63600809	6300929.66835992	240.47829927
508489.83600809	6300929.66835992	240.47829927
508490.03600809	6300929.66835992	240.47829927
508490.23600809	6300929.66835992	240.47829927
508490.43600809	6300929.66835992	240.47829927
508490.63600809	6300929.66835992	240.47829927
508490.83600809	6300929.66835992	240.47829927
508491.03600809	6300929.66835992	240.47829927
508491.23600809	6300929.66835992	240.47829927
508491.43600809	6300929.66835992	240.47829927
508491.63600809	6300929.66835992	240.47829927
508483.23600809	6300929.86835992	240.56579927
508483.43600809	6300929.86835992	240.56579927
508483.63600809	6300929.86835992	240.56579927
508483.83600809	6300929.86835992	240.56579927
508484.03600809	6300929.86835992	240.56579927
508484.23600809	6300929.86835992	240.56579927
508484.43600809	6300929.86835992	240.56579927
508484.63600809	6300929.86835992	240.56579927
508484.83600809	6300929.86835992	240.56579927
508485.03600809	6300929.86835992	240.56579927
508485.23600809	6300929.86835992	240.56579927
508485.43600809	6300929.86835992	240.56579927
508485.63600809	6300929.86835992	240.56579927
508485.83600809	6300929.86835992	240.56579927
508486.03600809	6300929.86835992	240.56579927
508486.23600809	6300929.86835992	240.56579927
508486.43600809	6300929.86835992	240.56579927
508486.63600809	6300929.86835992	240.56579927
508486.83600809	6300929.86835992	240.56579927
508487.03600809	6300929.86835992	240.56579927
508487.23600809	6300929.86835992	240.54930955
508487.43600809	6300929.86835992	240.53519927
508487.63600809	6300929.86835992	240.47509927
508487.83600809	6300929.86835992	240.52037761
508488.03600809	6300929.86835992	240.45989927
508488.23600809	6300929.86835992	240.45579927
508488.43600809	6300929.86835992	240.49387445
508488.63600809	6300929.86835992	240.49059927
508488.83600809	6300929.86835992	240.47666798
508489.03600809	6300929.86835992	240.47347538
508489.23600809	6300929.86835992	240.47126468
508489.43600809	6300929.86835992	240.46944036
508489.63600809	6300929.86835992	240.46944029
508489.83600809	6300929.86835992	240.46944029
508490.03600809	6300929.86835992	240.46944029
508490.23600809	6300929.86835992	240.46944029
508490.43600809	6300929.86835992	240.46944029
508490.63600809	6300929.86835992	240.46944029
508490.83600809	6300929.86835992	240.46944029
508491.03600809	6300929.86835992	240.46944028
508491.23600809	6300929.86835992	240.46944033
508491.43600809	6300929.86835992	240.47031880
508491.63600809	6300929.86835992	240.47009376
508483.23600809	6300930.06835992	240.61539927
508483.43600809	6300930.06835992	240.61539927
508483.63600809	6300930.06835992	240.61539927
508483.83600809	6300930.06835992	240.61539927
508484.03600809	6300930.06835992	240.61539927
508484.23600809	6300930.06835992	240.61539927
508484.43600809	6300930.06835992	240.61539927
508484.63600809	6300930.06835992	240.61539927
508484.83600809	6300930.06835992	240.61539927
508485.03600809	6300930.06835992	240.61539927
508485.23600809	6300930.06835992	240.61539927
508485.43600809	6300930.06835992	240.61539927
508485.63600809	6300930.06835992	240.56390658
508485.83600809	6300930.06835992	240.56396531
508486.03600809	6300930.06835992	240.54073278
508486.23600809	6300930.06835992	240.53320490
508486.43600809	6300930.06835992	240.55082692
508486.63600809	6300930.06835992	240.55739885
508486.83600809	6300930.06835992	240.59390529
508487.03600809	6300930.06835992	240.58764962
508487.23600809	6300930.06835992	240.58669090
508487.43600809	6300930.06835992	240.56785898
508487.63600809	6300930.06835992	240.57339927
508487.83600809	6300930.06835992	240.47579927
508488.03600809	6300930.06835992	240.48119927
508488.23600809	6300930.06835992	240.48829927
508488.43600809	6300930.06835992	240.46589927
508488.63600809	6300930.06835992	240.50159927
508488.83600809	6300930.06835992	240.48079927
508489.03600809	6300930.06835992	240.48079927
508489.23600809	6300930.06835992	240.48079927
508489.43600809	6300930.06835992	240.48079927
508489.63600809	6300930.06835992	240.48079927
508489.83600809	6300930.06835992	240.48079927
508490.03600809	6300930.06835992	240.48079927
508490.23600809	6300930.06835992	240.48079927
508490.43600809	6300930.06835992	240.48079927
508490.63600809	6300930.06835992	240.48079927
508490.83600809	6300930.06835992	240.48079927
508491.03600809	6300930.06835992	240.48079927
508491.23600809	6300930.06835992	240.48079927
508491.43600809	6300930.06835992	240.48079927
508491.63600809	6300930.06835992	240.48079927
508483.23600809	6300930.26835992	240.53759927
508483.43600809	6300930.26835992	240.53759927
508483.63600809	6300930.26835992	240.53759927
508483.83600809	6300930.26835992	240.53759927
508484.03600809	6300930.26835992	240.53759927
508484.23600809	6300930.26835992	240.53759927
508484.43600809	6300930.26835992	240.53759927
508484.63600809	6300930.26835992	240.53759927
508484.83600809	6300930.26835992	240.53759927
508485.03600809	6300930.26835992	240.53759927
508485.23600809	6300930.26835992	240.53759927
508485.43600809	6300930.26835992	240.53759927
508485.63600809	6300930.26835992	240.53759927
508485.83600809	6300930.26835992	240.49913006
508486.03600809	6300930.26835992	240.53759927
508486.23600809	6300930.26835992	240.53759927
508486.43600809	6300930.26835992	240.53759927
508486.63600809	6300930.26835992	240.53759927
508486.83600809	6300930.26835992	240.57159927
508487.03600809	6300930.26835992	240.59299633
508487.23600809	6300930.26835992	240.58179927
508487.43600809	6300930.26835992	240.58709927
508487.63600809	6300930.26835992	240.58828085
508487.83600809	6300930.26835992	240.52479927
508488.03600809	6300930.26835992	240.50889927
508488.23600809	6300930.26835992	240.51309927
508488.43600809	6300930.26835992	240.49279927
508488.63600809	6300930.26835992	240.52119927
508488.83600809	6300930.26835992	240.49259927
508489.03600809	6300930.26835992	240.46899927
508489.23600809	6300930.26835992	240.46899927
508489.43600809	6300930.26835992	240.46899927
508489.63600809	6300930.26835992	240.46899927
508489.83600809	6300930.26835992	240.46899927
508490.03600809	6300930.26835992	240.46899927
508490.23600809	6300930.26835992	240.46899927
508490.43600809	6300930.26835992	240.46899927
508490.63600809	6300930.26835992	240.46899927
508490.83600809	6300930.26835992	240.46899927
508491.03600809	6300930.26835992	240.46899927
508491.23600809	6300930.26835992	240.46899927
508491.43600809	6300930.26835992	240.46899927
508491.63600809	6300930.26835992	240.46899927
508483.23600809	6300930.46835992	240.56489927
508483.43600809	6300930.46835992	240.56489927
508483.63600809	6300930.46835992	240.56489927
508483.83600809	6300930.46835992	240.56489927
508484.03600809	6300930.46835992	240.56489927
508484.23600809	6300930.46835992	240.56489927
508484.43600809	6300930.46835992	240.56489927
508484.63600809	6300930.46835992	240.56489927
508484.83600809	6300930.46835992	240.56489927
508485.03600809	6300930.46835992	240.56489927
508485.23600809	6300930.46835992	240.56489927
508485.43600809	6300930.46835992	240.56489927
508485.63600809	6300930.46835992	240.56489927
508485.83600809	6300930.46835992	240.56489927
508486.03600809	6300930.46835992	240.56489927
508486.23600809	6300930.46835992	240.56489927
508486.43600809	6300930.46835992	240.52969927
508486.63600809	6300930.46835992	240.51829927
508486.83600809	6300930.46835992	240.58953957
508487.03600809	6300930.46835992	240.59610526
508487.23600809	6300930.46835992	240.62089927
508487.43600809	6300930.46835992	240.61369927
508487.63600809	6300930.46835992	240.61634425
508487.83600809	6300930.46835992	240.59865310
508488.03600809	6300930.46835992	240.57149927
508488.23600809	6300930.46835992	240.59791980
508488.43600809	6300930.46835992	240.56969927
508488.63600809	6300930.46835992	240.51999927
508488.83600809	6300930.46835992	240.57143015
508489.03600809	6300930.46835992	240.56779927
508489.23600809	6300930.46835992	240.56779927
508489.43600809	6300930.46835992	240.56779927
508489.63600809	6300930.46835992	240.56779927
508489.83600809	6300930.46835992	240.56779927
508490.03600809	6300930.46835992	240.56779927
508490.23600809	6300930.46835992	240.56779927
508490.43600809	6300930.46835992	240.56779927
508490.63600809	6300930.46835992	240.56779927
508490.83600809	6300930.46835992	240.56779927
508491.03600809	6300930.46835992	240.56779927
508491.23600809	6300930.46835992	240.56779927
508491.43600809	6300930.46835992	240.56779927
508491.63600809	6300930.46835992	240.56779927
508483.23600809	6300930.66835992	240.51729927
508483.43600809	6300930.66835992	240.51729927
508483.63600809	6300930.66835992	240.51729927
508483.83600809	6300930.66835992	240.51729927
508484.03600809	6300930.66835992	240.51729927
508484.23600809	6300930.66835992	240.51729927
508484.43600809	6300930.66835992	240.51729927
508484.63600809	6300930.66835992	240.51729927
508484.83600809	6300930.66835992	240.51729927
508485.03600809	6300930.66835992	240.51729927
508485.23600809	6300930.66835992	240.51729927
508485.43600809	6300930.66835992	240.51729927
508485.63600809	6300930.66835992	240.51729927
508485.83600809	6300930.66835992	240.51729927
508486.03600809	6300930.66835992	240.51729927
508486.23600809	6300930.66835992	240.48679927
508486.43600809	6300930.66835992	240.60801049
508486.63600809	6300930.66835992	240.56589927
508486.83600809	6300930.66835992	240.62983602
508487.03600809	6300930.66835992	240.60446957
508487.23600809	6300930.66835992	240.62977170
508487.43600809	6300930.66835992	240.59979927
508487.63600809	6300930.66835992	240.62979927
508487.83600809	6300930.66835992	240.63077603
508488.03600809	6300930.66835992	240.61875382
508488.23600809	6300930.66835992	240.55979927
508488.43600809	6300930.66835992	240.54559927
508488.63600809	6300930.66835992	240.59696186
508488.83600809	6300930.66835992	240.61001303
508489.03600809	6300930.66835992	240.55249927
508489.23600809	6300930.66835992	240.57199927
508489.43600809	6300930.66835992	240.57199927
508489.63600809	6300930.66835992	240.57199927
508489.83600809	6300930.66835992	240.57199927
508490.03600809	6300930.66835992	240.57199927
508490.23600809	6300930.66835992	240.57199927
508490.43600809	6300930.66835992	240.57199927
508490.63600809	6300930.66835992	240.57199927
508490.83600809	6300930.66835992	240.57199927
508491.03600809	6300930.66835992	240.57199927
508491.23600809	6300930.66835992	240.57199927
508491.43600809	6300930.66835992	240.57199927
508491.63600809	6300930.66835992	240.57199927
508483.23600809	6300930.86835992	240.59079927
508483.43600809	6300930.86835992	240.59079927
508483.63600809	6300930.86835992	240.59079927
508483.83600809	6300930.86835992	240.59079927
508484.03600809	6300930.86835992	240.59079927
508484.23600809	6300930.86835992	240.59079927
508484.43600809	6300930.86835992	240.59079927
508484.63600809	6300930.86835992	240.59079927
508484.83600809	6300930.86835992	240.59079927
508485.03600809	6300930.86835992	240.59079927
508485.23600809	6300930.86835992	240.59079927
508485.43600809	6300930.86835992	240.59079927
508485.63600809	6300930.86835992	240.59079927
508485.83600809	6300930.86835992	240.59079927
508486.03600809	6300930.86835992	240.54429927
508486.23600809	6300930.86835992	240.53549927
508486.43600809	6300930.86835992	240.59829886
508486.63600809	6300930.86835992	240.59462410
508486.83600809	6300930.86835992	240.64442528
508487.03600809	6300930.86835992	240.63324913
508487.23600809	6300930.86835992	240.61625325
508487.43600809	6300930.86835992	240.63988139
508487.63600809	6300930.86835992	240.62511187
508487.83600809	6300930.86835992	240.63918853
508488.03600809	6300930.86835992	240.64397325
508488.23600809	6300930.86835992	240.64413186
508488.43600809	6300930.86835992	240.62711959
508488.63600809	6300930.86835992	240.62929426
508488.83600809	6300930.86835992	240.62007817
508489.03600809	6300930.86835992	240.61817285
508489.23600809	6300930.86835992	240.56499927
508489.43600809	6300930.86835992	240.57619927
508489.63600809	6300930.86835992	240.57619927
508489.83600809	6300930.86835992	240.57619927
508490.03600809	6300930.86835992	240.57619927
508490.23600809	6300930.86835992	240.57619927
508490.43600809	6300930.86835992	240.57619927
508490.63600809	6300930.86835992	240.57619927
508490.83600809	6300930.86835992	240.57619927
508491.03600809	6300930.86835992	240.57619927
508491.23600809	6300930.86835992	240.57619927
508491.43600809	6300930.86835992	240.57619927
508491.63600809	6300930.86835992	240.57619927
508483.23600809	6300931.06835992	240.54559927
508483.43600809	6300931.06835992	240.54559927
508483.63600809	6300931.06835992	240.54559927
508483.83600809	6300931.06835992	240.54559927
508484.03600809	6300931.06835992	240.54559927
508484.23600809	6300931.06835992	240.54559927
508484.43600809	6300931.06835992	240.54559927
508484.63600809	6300931.06835992	240.54559927
508484.83600809	6300931.06835992	240.54559927
508485.03600809	6300931.06835992	240.54559927
508485.23600809	6300931.06835992	240.54559927
508485.43600809	6300931.06835992	240.54559927
508485.63600809	6300931.06835992	240.53869927
508485.83600809	6300931.06835992	240.55699927
508486.03600809	6300931.06835992	240.54279927
508486.23600809	6300931.06835992	240.56649927
508486.43600809	6300931.06835992	240.61202307
508486.63600809	6300931.06835992	240.58939927
508486.83600809	6300931.06835992	240.63999927
508487.03600809	6300931.06835992	240.66436505
508487.23600809	6300931.06835992	240.67547843
508487.43600809	6300931.06835992	240.65624243
508487.63600809	6300931.06835992	240.66265623
508487.83600809	6300931.06835992	240.66429927
508488.03600809	6300931.06835992	240.64469927
508488.23600809	6300931.06835992	240.65935263
508488.43600809	6300931.06835992	240.64859673
508488.63600809	6300931.06835992	240.63895168
508488.83600809	6300931.06835992	240.60679927
508489.03600809	6300931.06835992	240.64646387
508489.23600809	6300931.06835992	240.61719927
508489.43600809	6300931.06835992	240.64379210
508489.63600809	6300931.06835992	240.62938914
508489.83600809	6300931.06835992	240.63321502
508490.03600809	6300931.06835992	240.62747574
508490.23600809	6300931.06835992	240.62293352
508490.43600809	6300931.06835992	240.62121646
508490.63600809	6300931.06835992	240.61962834
508490.83600809	6300931.06835992	240.61927531
508491.03600809	6300931.06835992	240.61909501
508491.23600809	6300931.06835992	240.61848806
508491.43600809	6300931.06835992	240.60878754
508491.63600809	6300931.06835992	240.61061184
508483.23600809	6300931.26835992	240.52919927
508483.43600809	6300931.26835992	240.52919927
508483.63600809	6300931.26835992	240.52919927
508483.83600809	6300931.26835992	240.52919927
508484.03600809	6300931.26835992	240.52919927
508484.23600809	6300931.26835992	240.52919927
508484.43600809	6300931.26835992	240.52919927
508484.63600809	6300931.26835992	240.52919927
508484.83600809	6300931.26835992	240.52919927
508485.03600809	6300931.26835992	240.52919927
508485.23600809	6300931.26835992	240.52919927
508485.43600809	6300931.26835992	240.52919927
508485.63600809	6300931.26835992	240.56749927
508485.83600809	6300931.26835992	240.55369927
508486.03600809	6300931.26835992	240.61743241
508486.23600809	6300931.26835992	240.52279927
508486.43600809	6300931.26835992	240.64340888
508486.63600809	6300931.26835992	240.63736466
508486.83600809	6300931.26835992	240.66738824
508487.03600809	6300931.26835992	240.66996148
508487.23600809	6300931.26835992	240.65989927
508487.43600809	6300931.26835992	240.68310810
508487.63600809	6300931.26835992	240.59989927
508487.83600809	6300931.26835992	240.68320746
508488.03600809	6300931.26835992	240.68584666
508488.23600809	6300931.26835992	240.66146612
508488.43600809	6300931.26835992	240.68436025
508488.63600809	6300931.26835992	240.66072549
508488.83600809	6300931.26835992	240.66624156
508489.03600809	6300931.26835992	240.67379436
508489.23600809	6300931.26835992	240.64918801
508489.43600809	6300931.26835992	240.64514453
508489.63600809	6300931.26835992	240.63553999
508489.83600809	6300931.26835992	240.63640514
508490.03600809	6300931.26835992	240.63222883
508490.23600809	6300931.26835992	240.63215504
508490.43600809	6300931.26835992	240.63211310
508490.63600809	6300931.26835992	240.63210241
508490.83600809	6300931.26835992	240.63209948
508491.03600809	6300931.26835992	240.63209605
508491.23600809	6300931.26835992	240.63213314
508491.43600809	6300931.26835992	240.63085384
508491.63600809	6300931.26835992	240.63177668
508483.23600809	6300931.46835992	240.60639927
508483.43600809	6300931.46835992	240.60639927
508483.63600809	6300931.46835992	240.60639927
508483.83600809	6300931.46835992	240.60639927
508484.03600809	6300931.46835992	240.60639927
508484.23600809	6300931.46835992	240.60639927
508484.43600809	6300931.46835992	240.60639927
508484.63600809	6300931.46835992	240.60639927
508484.83600809	6300931.46835992	240.60639927
508485.03600809	6300931.46835992	240.60639927
508485.23600809	6300931.46835992	240.60639927
508485.43600809	6300931.46835992	240.60119927
508485.63600809	6300931.46835992	240.60145347
508485.83600809	6300931.46835992	240.54489927
508486.03600809	6300931.46835992	240.62521153
508486.23600809	6300931.46835992	240.65075281
508486.43600809	6300931.46835992	240.65658264
508486.63600809	6300931.46835992	240.68013819
508486.83600809	6300931.46835992	240.68600613
508487.03600809	6300931.46835992	240.70763914
508487.23600809	6300931.46835992	240.70655206
508487.43600809	6300931.46835992	240.70133874
508487.63600809	6300931.46835992	240.68259927
508487.83600809	6300931.46835992	240.69943830
508488.03600809	6300931.46835992	240.68763537
508488.23600809	6300931.46835992	240.71263176
508488.43600809	6300931.46835992	240.70031729
508488.63600809	6300931.46835992	240.65569927
508488.83600809	6300931.46835992	240.67547332
508489.03600809	6300931.46835992	240.67819349
508489.23600809	6300931.46835992	240.67055551
508489.43600809	6300931.46835992	240.64384991
508489.63600809	6300931.46835992	240.63929382
508489.83600809	6300931.46835992	240.62258171
508490.03600809	6300931.46835992	240.62191264
508490.23600809	6300931.46835992	240.61790904
508490.43600809	6300931.46835992	240.61790740
508490.63600809	6300931.46835992	240.61790618
508490.83600809	6300931.46835992	240.61790590
508491.03600809	6300931.46835992	240.61790580
508491.23600809	6300931.46835992	240.61790584
508491.43600809	6300931.46835992	240.61905856
508491.63600809	6300931.46835992	240.61890103
508483.23600809	6300931.66835992	240.52799927
508483.43600809	6300931.66835992	240.52799927
508483.63600809	6300931.66835992	240.52799927
508483.83600809	6300931.66835992	240.52799927
508484.03600809	6300931.66835992	240.52799927
508484.23600809	6300931.66835992	240.52799927
508484.43600809	6300931.66835992	240.52799927
508484.63600809	6300931.66835992	240.52799927
508484.83600809	6300931.66835992	240.52799927
508485.03600809	6300931.66835992	240.56449927
508485.23600809	6300931.66835992	240.62039927
508485.43600809	6300931.66835992	240.62424614
508485.63600809	6300931.66835992	240.65130632
508485.83600809	6300931.66835992	240.55889927
508486.03600809	6300931.66835992	240.67600452
508486.23600809	6300931.66835992	240.66256698
508486.43600809	6300931.66835992	240.69507975
508486.63600809	6300931.66835992	240.69581826
508486.83600809	6300931.66835992	240.71324761
508487.03600809	6300931.66835992	240.71533687
508487.23600809	6300931.66835992	240.73525846
508487.43600809	6300931.66835992	240.71988722
508487.63600809	6300931.66835992	240.71229927
508487.83600809	6300931.66835992	240.71674771
508488.03600809	6300931.66835992	240.68434988
508488.23600809	6300931.66835992	240.70692936
508488.43600809	6300931.66835992	240.72147565
508488.63600809	6300931.66835992	240.64619927
508488.83600809	6300931.66835992	240.69337598
508489.03600809	6300931.66835992	240.66600614
508489.23600809	6300931.66835992	240.67784134
508489.43600809	6300931.66835992	240.68519927
508489.63600809	6300931.66835992	240.63299927
508489.83600809	6300931.66835992	240.63299927
508490.03600809	6300931.66835992	240.63299927
508490.23600809	6300931.66835992	240.63299927
508490.43600809	6300931.66835992	240.63299927
508490.63600809	6300931.66835992	240.63299927
508490.83600809	6300931.66835992	240.63299927
508491.03600809	6300931.66835992	240.63299927
508491.23600809	6300931.66835992	240.63299927
508491.43600809	6300931.66835992	240.63299927
508491.63600809	6300931.66835992	240.63299927
508483.23600809	6300931.86835992	240.59609927
508483.43600809	6300931.86835992	240.59609927
508483.63600809	6300931.86835992	240.59609927
508483.83600809	6300931.86835992	240.59609927
508484.03600809	6300931.86835992	240.59609927
508484.23600809	6300931.86835992	240.59609927
508484.43600809	6300931.86835992	240.59609927
508484.63600809	6300931.86835992	240.53089927
508484.83600809	6300931.86835992	240.54499927
508485.03600809	6300931.86835992	240.55409927
508485.23600809	6300931.86835992	240.61269927
508485.43600809	6300931.86835992	240.66150795
508485.63600809	6300931.86835992	240.58519927
508485.83600809	6300931.86835992	240.68257194
508486.03600809	6300931.86835992	240.66862980
508486.23600809	6300931.86835992	240.70662120
508486.43600809	6300931.86835992	240.70183617
508486.63600809	6300931.86835992	240.72468738
508486.83600809	6300931.86835992	240.73260708
508487.03600809	6300931.86835992	240.72964075
508487.23600809	6300931.86835992	240.73486654
508487.43600809	6300931.86835992	240.72845825
508487.63600809	6300931.86835992	240.73425854
508487.83600809	6300931.86835992	240.73191876
508488.03600809	6300931.86835992	240.72365922
508488.23600809	6300931.86835992	240.68526106
508488.43600809	6300931.86835992	240.70438024
508488.63600809	6300931.86835992	240.68529721
508488.83600809	6300931.86835992	240.71720949
508489.03600809	6300931.86835992	240.70749927
508489.23600809	6300931.86835992	240.67494750
508489.43600809	6300931.86835992	240.69125052
508489.63600809	6300931.86835992	240.70520559
508489.83600809	6300931.86835992	240.61729927
508490.03600809	6300931.86835992	240.61729927
508490.23600809	6300931.86835992	240.61729927
508490.43600809	6300931.86835992	240.61729927
508490.63600809	6300931.86835992	240.61729927
508490.83600809	6300931.86835992	240.61729927
508491.03600809	6300931.86835992	240.61729927
508491.23600809	6300931.86835992	240.61729927
508491.43600809	6300931.86835992	240.61729927
508491.63600809	6300931.86835992	240.61729927
508483.23600809	6300932.06835992	240.63149927
508483.43600809	6300932.06835992	240.63149927
508483.63600809	6300932.06835992	240.63149927
508483.83600809	6300932.06835992	240.63149927
508484.03600809	6300932.06835992	240.63149927
508484.23600809	6300932.06835992	240.63149927
508484.43600809	6300932.06835992	240.63149927
508484.63600809	6300932.06835992	240.59459927
508484.83600809	6300932.06835992	240.59619927
508485.03600809	6300932.06835992	240.57249927
508485.23600809	6300932.06835992	240.54719927
508485.43600809	6300932.06835992	240.59819927
508485.63600809	6300932.06835992	240.67639927
508485.83600809	6300932.06835992	240.69083968
508486.03600809	6300932.06835992	240.71598615
508486.23600809	6300932.06835992	240.70303339
508486.43600809	6300932.06835992	240.73460115
508486.63600809	6300932.06835992	240.73117615
508486.83600809	6300932.06835992	240.74962952
508487.03600809	6300932.06835992	240.74805323
508487.23600809	6300932.06835992	240.75675675
508487.43600809	6300932.06835992	240.75230145
508487.63600809	6300932.06835992	240.74219927
508487.83600809	6300932.06835992	240.74098161
508488.03600809	6300932.06835992	240.67729927
508488.23600809	6300932.06835992	240.73275827
508488.43600809	6300932.06835992	240.69503324
508488.63600809	6300932.06835992	240.72212303
508488.83600809	6300932.06835992	240.74119927
508489.03600809	6300932.06835992	240.71182770
508489.23600809	6300932.06835992	240.67759927
508489.43600809	6300932.06835992	240.64849927
508489.63600809	6300932.06835992	240.66959927
508489.83600809	6300932.06835992	240.63909927
508490.03600809	6300932.06835992	240.63909927
508490.23600809	6300932.06835992	240.63909927
508490.43600809	6300932.06835992	240.63909927
508490.63600809	6300932.06835992	240.63909927
508490.83600809	6300932.06835992	240.63909927
508491.03600809	6300932.06835992	240.63909927
508491.23600809	6300932.06835992	240.63909927
508491.43600809	6300932.06835992	240.63909927
508491.63600809	6300932.06835992	240.63909927
508483.23600809	6300932.26835992	240.59109927
508483.43600809	6300932.26835992	240.59109927
508483.63600809	6300932.26835992	240.59109927
508483.83600809	6300932.26835992	240.59109927
508484.03600809	6300932.26835992	240.59109927
508484.23600809	6300932.26835992	240.64589927
508484.43600809	6300932.26835992	240.66889927
508484.63600809	6300932.26835992	240.62679927
508484.83600809	6300932.26835992	240.68309927
508485.03600809	6300932.26835992	240.63899927
508485.23600809	6300932.26835992	240.64109927
508485.43600809	6300932.26835992	240.57989927
508485.63600809	6300932.26835992	240.61079927
508485.83600809	6300932.26835992	240.69309927
508486.03600809	6300932.26835992	240.73163230
508486.23600809	6300932.26835992	240.73832020
508486.43600809	6300932.26835992	240.75593743
508486.63600809	6300932.26835992	240.76062109
508486.83600809	6300932.26835992	240.77023912
508487.03600809	6300932.26835992	240.76947782
508487.23600809	6300932.26835992	240.77255580
508487.43600809	6300932.26835992	240.76770410
508487.63600809	6300932.26835992	240.76840371
508487.83600809	6300932.26835992	240.75542371
508488.03600809	6300932.26835992	240.75529298
508488.23600809	6300932.26835992	240.74344660
508488.43600809	6300932.26835992	240.74497996
508488.63600809	6300932.26835992	240.66149927
508488.83600809	6300932.26835992	240.74802911
508489.03600809	6300932.26835992	240.72462251
508489.23600809	6300932.26835992	240.71049927
508489.43600809	6300932.26835992	240.66137805
508489.63600809	6300932.26835992	240.69585303
508489.83600809	6300932.26835992	240.68969927
508490.03600809	6300932.26835992	240.70659927
508490.23600809	6300932.26835992	240.70659927
508490.43600809	6300932.26835992	240.70659927
508490.63600809	6300932.26835992	240.70659927
508490.83600809	6300932.26835992	240.70659927
508491.03600809	6300932.26835992	240.70659927
508491.23600809	6300932.26835992	240.70659927
508491.43600809	6300932.26835992	240.70659927
508491.63600809	6300932.26835992	240.70659927
508483.23600809	6300932.46835992	240.65725981
508483.43600809	6300932.46835992	240.65892534
508483.63600809	6300932.46835992	240.65894334
508483.83600809	6300932.46835992	240.63389927
508484.03600809	6300932.46835992	240.62399927
508484.23600809	6300932.46835992	240.60379927
508484.43600809	6300932.46835992	240.71479927
508484.63600809	6300932.46835992	240.71361263
508484.83600809	6300932.46835992	240.72179927
508485.03600809	6300932.46835992	240.70724742
508485.23600809	6300932.46835992	240.66269927
508485.43600809	6300932.46835992	240.64909927
508485.63600809	6300932.46835992	240.73470652
508485.83600809	6300932.46835992	240.63949927
508486.03600809	6300932.46835992	240.75234338
508486.23600809	6300932.46835992	240.74661040
508486.43600809	6300932.46835992	240.77159765
508486.63600809	6300932.46835992	240.77231069
508486.83600809	6300932.46835992	240.78438929
508487.03600809	6300932.46835992	240.78577748
508487.23600809	6300932.46835992	240.79001443
508487.43600809	6300932.46835992	240.78928946
508487.63600809	6300932.46835992	240.78687467
508487.83600809	6300932.46835992	240.78467881
508488.03600809	6300932.46835992	240.77669727
508488.23600809	6300932.46835992	240.77597656
508488.43600809	6300932.46835992	240.77008537
508488.63600809	6300932.46835992	240.74794271
508488.83600809	6300932.46835992	240.68359927
508489.03600809	6300932.46835992	240.75502390
508489.23600809	6300932.46835992	240.73501280
508489.43600809	6300932.46835992	240.70289927
508489.63600809	6300932.46835992	240.71229927
508489.83600809	6300932.46835992	240.61039927
508490.03600809	6300932.46835992	240.68468875
508490.23600809	6300932.46835992	240.67727098
508490.43600809	6300932.46835992	240.67716463
508490.63600809	6300932.46835992	240.67550381
508490.83600809	6300932.46835992	240.67556999
508491.03600809	6300932.46835992	240.67552799
508491.23600809	6300932.46835992	240.73559927
508491.43600809	6300932.46835992	240.67988370
508491.63600809	6300932.46835992	240.73559927
508483.23600809	6300932.66835992	240.68857510
508483.43600809	6300932.66835992	240.68884296
508483.63600809	6300932.66835992	240.69129089
508483.83600809	6300932.66835992	240.67491834
508484.03600809	6300932.66835992	240.66799927
508484.23600809	6300932.66835992	240.68229927
508484.43600809	6300932.66835992	240.70049927
508484.63600809	6300932.66835992	240.73540920
508484.83600809	6300932.66835992	240.72047113
508485.03600809	6300932.66835992	240.69619927
508485.23600809	6300932.66835992	240.70189927
508485.43600809	6300932.66835992	240.71709927
508485.63600809	6300932.66835992	240.74275717
508485.83600809	6300932.66835992	240.75529994
508486.03600809	6300932.66835992	240.76406096
508486.23600809	6300932.66835992	240.77589861
508486.43600809	6300932.66835992	240.76249927
508486.63600809	6300932.66835992	240.79232443
508486.83600809	6300932.66835992	240.79695263
508487.03600809	6300932.66835992	240.80284117
508487.23600809	6300932.66835992	240.80569819
508487.43600809	6300932.66835992	240.80623421
508487.63600809	6300932.66835992	240.80735334
508487.83600809	6300932.66835992	240.80396354
508488.03600809	6300932.66835992	240.79452541
508488.23600809	6300932.66835992	240.78871814
508488.43600809	6300932.66835992	240.78587246
508488.63600809	6300932.66835992	240.81148538
508488.83600809	6300932.66835992	240.82937936
508489.03600809	6300932.66835992	240.81756182
508489.23600809	6300932.66835992	240.80940367
508489.43600809	6300932.66835992	240.75566905
508489.63600809	6300932.66835992	240.80007078
508489.83600809	6300932.66835992	240.62209927
508490.03600809	6300932.66835992	240.68729927
508490.23600809	6300932.66835992	240.72999927
508490.43600809	6300932.66835992	240.72999927
508490.63600809	6300932.66835992	240.72999927
508490.83600809	6300932.66835992	240.72999927
508491.03600809	6300932.66835992	240.72999927
508491.23600809	6300932.66835992	240.72999927
508491.43600809	6300932.66835992	240.72999927
508491.63600809	6300932.66835992	240.72999927
508483.23600809	6300932.86835992	240.66239927
508483.43600809	6300932.86835992	240.66239927
508483.63600809	6300932.86835992	240.66239927
508483.83600809	6300932.86835992	240.66239927
508484.03600809	6300932.86835992	240.65869927
508484.23600809	6300932.86835992	240.71854845
508484.43600809	6300932.86835992	240.70949927
508484.63600809	6300932.86835992	240.71949927
508484.83600809	6300932.86835992	240.74219927
508485.03600809	6300932.86835992	240.73970613
508485.23600809	6300932.86835992	240.72859927
508485.43600809	6300932.86835992	240.70239927
508485.63600809	6300932.86835992	240.76692004
508485.83600809	6300932.86835992	240.76913551
508486.03600809	6300932.86835992	240.78336487
508486.23600809	6300932.86835992	240.78586781
508486.43600809	6300932.86835992	240.79567920
508486.63600809	6300932.86835992	240.79562435
508486.83600809	6300932.86835992	240.80933186
508487.03600809	6300932.86835992	240.81180375
508487.23600809	6300932.86835992	240.81926004
508487.43600809	6300932.86835992	240.82054141
508487.63600809	6300932.86835992	240.82283345
508487.83600809	6300932.86835992	240.82180856
508488.03600809	6300932.86835992	240.82250389
508488.23600809	6300932.86835992	240.82404821
508488.43600809	6300932.86835992	240.82003333
508488.63600809	6300932.86835992	240.82014548
508488.83600809	6300932.86835992	240.84287642
508489.03600809	6300932.86835992	240.73229927
508489.23600809	6300932.86835992	240.84477440
508489.43600809	6300932.86835992	240.76419927
508489.63600809	6300932.86835992	240.79183962
508489.83600809	6300932.86835992	240.69789927
508490.03600809	6300932.86835992	240.69479927
508490.23600809	6300932.86835992	240.67329927
508490.43600809	6300932.86835992	240.67329927
508490.63600809	6300932.86835992	240.67329927
508490.83600809	6300932.86835992	240.67329927
508491.03600809	6300932.86835992	240.67329927
508491.23600809	6300932.86835992	240.67329927
508491.43600809	6300932.86835992	240.67329927
508491.63600809	6300932.86835992	240.67329927
508483.23600809	6300933.06835992	240.69249927
508483.43600809	6300933.06835992	240.69249927
508483.63600809	6300933.06835992	240.69249927
508483.83600809	6300933.06835992	240.69249927
508484.03600809	6300933.06835992	240.69249927
508484.23600809	6300933.06835992	240.66769927
508484.43600809	6300933.06835992	240.69249927
508484.63600809	6300933.06835992	240.74716394
508484.83600809	6300933.06835992	240.75315748
508485.03600809	6300933.06835992	240.75539927
508485.23600809	6300933.06835992	240.76210089
508485.43600809	6300933.06835992	240.77222738
508485.63600809	6300933.06835992	240.76281499
508485.83600809	6300933.06835992	240.77898729
508486.03600809	6300933.06835992	240.78661557
508486.23600809	6300933.06835992	240.79652934
508486.43600809	6300933.06835992	240.80580775
508486.63600809	6300933.06835992	240.81029785
508486.83600809	6300933.06835992	240.82037696
508487.03600809	6300933.06835992	240.82288287
508487.23600809	6300933.06835992	240.83116922
508487.43600809	6300933.06835992	240.83152139
508487.63600809	6300933.06835992	240.83733311
508487.83600809	6300933.06835992	240.83594861
508488.03600809	6300933.06835992	240.83834242
508488.23600809	6300933.06835992	240.84342987
508488.43600809	6300933.06835992	240.85476701
508488.63600809	6300933.06835992	240.85216475
508488.83600809	6300933.06835992	240.85222372
508489.03600809	6300933.06835992	240.84230668
508489.23600809	6300933.06835992	240.84204712
508489.43600809	6300933.06835992	240.87936519
508489.63600809	6300933.06835992	240.86111240
508489.83600809	6300933.06835992	240.73839927
508490.03600809	6300933.06835992	240.84098159
508490.23600809	6300933.06835992	240.72709927
508490.43600809	6300933.06835992	240.76469927
508490.63600809	6300933.06835992	240.76469927
508490.83600809	6300933.06835992	240.76469927
508491.03600809	6300933.06835992	240.76469927
508491.23600809	6300933.06835992	240.76469927
508491.43600809	6300933.06835992	240.76469927
508491.63600809	6300933.06835992	240.76469927
508483.23600809	6300933.26835992	240.72919927
508483.43600809	6300933.26835992	240.72919927
508483.63600809	6300933.26835992	240.72919927
508483.83600809	6300933.26835992	240.72919927
508484.03600809	6300933.26835992	240.72919927
508484.23600809	6300933.26835992	240.70769927
508484.43600809	6300933.26835992	240.71989927
508484.63600809	6300933.26835992	240.72289927
508484.83600809	6300933.26835992	240.72809927
508485.03600809	6300933.26835992	240.73869927
508485.23600809	6300933.26835992	240.75542383
508485.43600809	6300933.26835992	240.74189927
508485.63600809	6300933.26835992	240.76789927
508485.83600809	6300933.26835992	240.76738391
508486.03600809	6300933.26835992	240.78752692
508486.23600809	6300933.26835992	240.79127785
508486.43600809	6300933.26835992	240.80481133
508486.63600809	6300933.26835992	240.80325743
508486.83600809	6300933.26835992	240.82238490
508487.03600809	6300933.26835992	240.82441572
508487.23600809	6300933.26835992	240.83671913
508487.43600809	6300933.26835992	240.83979624
508487.63600809	6300933.26835992	240.84717793
508487.83600809	6300933.26835992	240.85108104
508488.03600809	6300933.26835992	240.85651471
508488.23600809	6300933.26835992	240.86187562
508488.43600809	6300933.26835992	240.86480759
508488.63600809	6300933.26835992	240.85968225
508488.83600809	6300933.26835992	240.87036016
508489.03600809	6300933.26835992	240.86985315
508489.23600809	6300933.26835992	240.85739927
508489.43600809	6300933.26835992	240.89469927
508489.63600809	6300933.26835992	240.85019927
508489.83600809	6300933.26835992	240.82769927
508490.03600809	6300933.26835992	240.76609927
508490.23600809	6300933.26835992	240.86269927
508490.43600809	6300933.26835992	240.75669927
508490.63600809	6300933.26835992	240.75669927
508490.83600809	6300933.26835992	240.75669927
508491.03600809	6300933.26835992	240.75669927
508491.23600809	6300933.26835992	240.75669927
508491.43600809	6300933.26835992	240.75669927
508491.63600809	6300933.26835992	240.75669927
508483.23600809	6300933.46835992	240.71929927
508483.43600809	6300933.46835992	240.71929927
508483.63600809	6300933.46835992	240.71929927
508483.83600809	6300933.46835992	240.71929927
508484.03600809	6300933.46835992	240.71929927
508484.23600809	6300933.46835992	240.71929927
508484.43600809	6300933.46835992	240.74425219
508484.63600809	6300933.46835992	240.74329927
508484.83600809	6300933.46835992	240.75629927
508485.03600809	6300933.46835992	240.75299927
508485.23600809	6300933.46835992	240.77587676
508485.43600809	6300933.46835992	240.80956715
508485.63600809	6300933.46835992	240.77748587
508485.83600809	6300933.46835992	240.77299927
508486.03600809	6300933.46835992	240.78395816
508486.23600809	6300933.46835992	240.80457308
508486.43600809	6300933.46835992	240.80628779
508486.63600809	6300933.46835992	240.81884568
508486.83600809	6300933.46835992	240.82727330
508487.03600809	6300933.46835992	240.81437067
508487.23600809	6300933.46835992	240.84380475
508487.43600809	6300933.46835992	240.83835957
508487.63600809	6300933.46835992	240.85636328
508487.83600809	6300933.46835992	240.85668247
508488.03600809	6300933.46835992	240.86687745
508488.23600809	6300933.46835992	240.86997538
508488.43600809	6300933.46835992	240.87585702
508488.63600809	6300933.46835992	240.87912794
508488.83600809	6300933.46835992	240.88481854
508489.03600809	6300933.46835992	240.87711100
508489.23600809	6300933.46835992	240.90067049
508489.43600809	6300933.46835992	240.90650635
508489.63600809	6300933.46835992	240.82739927
508489.83600809	6300933.46835992	240.88629927
508490.03600809	6300933.46835992	240.87419927
508490.23600809	6300933.46835992	240.83619927
508490.43600809	6300933.46835992	240.88698535
508490.63600809	6300933.46835992	240.87386973
508490.83600809	6300933.46835992	240.88619927
508491.03600809	6300933.46835992	240.88619927
508491.23600809	6300933.46835992	240.88619927
508491.43600809	6300933.46835992	240.88619927
508491.63600809	6300933.46835992	240.88619927
508483.23600809	6300933.66835992	240.79434940
508483.43600809	6300933.66835992	240.79416684
508483.63600809	6300933.66835992	240.80023263
508483.83600809	6300933.66835992	240.80023203
508484.03600809	6300933.66835992	240.80018276
508484.23600809	6300933.66835992	240.80018500
508484.43600809	6300933.66835992	240.69099927
508484.63600809	6300933.66835992	240.70979927
508484.83600809	6300933.66835992	240.66699927
508485.03600809	6300933.66835992	240.76359927
508485.23600809	6300933.66835992	240.75559927
508485.43600809	6300933.66835992	240.76899927
508485.63600809	6300933.66835992	240.81473242
508485.83600809	6300933.66835992	240.82074423
508486.03600809	6300933.66835992	240.77961308
508486.23600809	6300933.66835992	240.75569927
508486.43600809	6300933.66835992	240.80458289
508486.63600809	6300933.66835992	240.82048665
508486.83600809	6300933.66835992	240.82989242
508487.03600809	6300933.66835992	240.84194769
508487.23600809	6300933.66835992	240.84721089
508487.43600809	6300933.66835992	240.85632940
508487.63600809	6300933.66835992	240.86158944
508487.83600809	6300933.66835992	240.86844623
508488.03600809	6300933.66835992	240.87380191
508488.23600809	6300933.66835992	240.87907989
508488.43600809	6300933.66835992	240.88271308
508488.63600809	6300933.66835992	240.88747877
508488.83600809	6300933.66835992	240.89475861
508489.03600809	6300933.66835992	240.89768653
508489.23600809	6300933.66835992	240.90826381
508489.43600809	6300933.66835992	240.92138601
508489.63600809	6300933.66835992	240.93458837
508489.83600809	6300933.66835992	240.93738631
508490.03600809	6300933.66835992	240.84919927
508490.23600809	6300933.66835992	240.83889927
508490.43600809	6300933.66835992	240.90139927
508490.63600809	6300933.66835992	240.93231254
508490.83600809	6300933.66835992	240.92200693
508491.03600809	6300933.66835992	240.92376347
508491.23600809	6300933.66835992	240.91771109
508491.43600809	6300933.66835992	240.89889485
508491.63600809	6300933.66835992	240.89482003
508483.23600809	6300933.86835992	240.72409927
508483.43600809	6300933.86835992	240.72409927
508483.63600809	6300933.86835992	240.72409927
508483.83600809	6300933.86835992	240.72409927
508484.03600809	6300933.86835992	240.72409927
508484.23600809	6300933.86835992	240.72409927
508484.43600809	6300933.86835992	240.72409927
508484.63600809	6300933.86835992	240.79749927
508484.83600809	6300933.86835992	240.75569927
508485.03600809	6300933.86835992	240.80599927
508485.23600809	6300933.86835992	240.75874293
508485.43600809	6300933.86835992	240.82824876
508485.63600809	6300933.86835992	240.78641452
508485.83600809	6300933.86835992	240.84015936
508486.03600809	6300933.86835992	240.80708444
508486.23600809	6300933.86835992	240.74715885
508486.43600809	6300933.86835992	240.80892635
508486.63600809	6300933.86835992	240.78746803
508486.83600809	6300933.86835992	240.82701176
508487.03600809	6300933.86835992	240.79762828
508487.23600809	6300933.86835992	240.84611116
508487.43600809	6300933.86835992	240.83434615
508487.63600809	6300933.86835992	240.86236986
508487.83600809	6300933.86835992	240.85916170
508488.03600809	6300933.86835992	240.87481095
508488.23600809	6300933.86835992	240.87722704
508488.43600809	6300933.86835992	240.88670901
508488.63600809	6300933.86835992	240.89185023
508488.83600809	6300933.86835992	240.90324073
508489.03600809	6300933.86835992	240.91354792
508489.23600809	6300933.86835992	240.92270003
508489.43600809	6300933.86835992	240.92101328
508489.63600809	6300933.86835992	240.92989472
508489.83600809	6300933.86835992	240.91829927
508490.03600809	6300933.86835992	240.90599927
508490.23600809	6300933.86835992	240.88219927
508490.43600809	6300933.86835992	240.92344220
508490.63600809	6300933.86835992	240.93306162
508490.83600809	6300933.86835992	240.94149459
508491.03600809	6300933.86835992	240.93974557
508491.23600809	6300933.86835992	240.94176079
508491.43600809	6300933.86835992	240.94038664
508491.63600809	6300933.86835992	240.94262304
508483.23600809	6300934.06835992	240.80339927
508483.43600809	6300934.06835992	240.80339927
508483.63600809	6300934.06835992	240.80339927
508483.83600809	6300934.06835992	240.80339927
508484.03600809	6300934.06835992	240.80339927
508484.23600809	6300934.06835992	240.80339927
508484.43600809	6300934.06835992	240.80339927
508484.63600809	6300934.06835992	240.80339927
508484.83600809	6300934.06835992	240.82059927
508485.03600809	6300934.06835992	240.78499927
508485.23600809	6300934.06835992	240.82679927
508485.43600809	6300934.06835992	240.83619927
508485.63600809	6300934.06835992	240.81270257
508485.83600809	6300934.06835992	240.82919927
508486.03600809	6300934.06835992	240.78258975
508486.23600809	6300934.06835992	240.83060161
508486.43600809	6300934.06835992	240.81015357
508486.63600809	6300934.06835992	240.82314376
508486.83600809	6300934.06835992	240.82392614
508487.03600809	6300934.06835992	240.83344380
508487.23600809	6300934.06835992	240.84269198
508487.43600809	6300934.06835992	240.85164351
508487.63600809	6300934.06835992	240.85893308
508487.83600809	6300934.06835992	240.86635868
508488.03600809	6300934.06835992	240.87064833
508488.23600809	6300934.06835992	240.87927713
508488.43600809	6300934.06835992	240.88473129
508488.63600809	6300934.06835992	240.89312099
508488.83600809	6300934.06835992	240.90024573
508489.03600809	6300934.06835992	240.90570580
508489.23600809	6300934.06835992	240.93150563
508489.43600809	6300934.06835992	240.93722676
508489.63600809	6300934.06835992	240.93479960
508489.83600809	6300934.06835992	240.93549927
508490.03600809	6300934.06835992	240.94899927
508490.23600809	6300934.06835992	240.94469927
508490.43600809	6300934.06835992	240.93984053
508490.63600809	6300934.06835992	240.91683981
508490.83600809	6300934.06835992	240.91804598
508491.03600809	6300934.06835992	240.90860781
508491.23600809	6300934.06835992	240.90890193
508491.43600809	6300934.06835992	240.90876403
508491.63600809	6300934.06835992	240.90835544
508483.23600809	6300934.26835992	240.80409927
508483.43600809	6300934.26835992	240.80409927
508483.63600809	6300934.26835992	240.80409927
508483.83600809	6300934.26835992	240.80409927
508484.03600809	6300934.26835992	240.80409927
508484.23600809	6300934.26835992	240.80409927
508484.43600809	6300934.26835992	240.80409927
508484.63600809	6300934.26835992	240.80409927
508484.83600809	6300934.26835992	240.69299927
508485.03600809	6300934.26835992	240.86719927
508485.23600809	6300934.26835992	240.80729927
508485.43600809	6300934.26835992	240.85524221
508485.63600809	6300934.26835992	240.74559927
508485.83600809	6300934.26835992	240.84888337
508486.03600809	6300934.26835992	240.86288716
508486.23600809	6300934.26835992	240.84290673
508486.43600809	6300934.26835992	240.83672725
508486.63600809	6300934.26835992	240.70179927
508486.83600809	6300934.26835992	240.83501841
508487.03600809	6300934.26835992	240.81981699
508487.23600809	6300934.26835992	240.84457838
508487.43600809	6300934.26835992	240.84329593
508487.63600809	6300934.26835992	240.85524707
508487.83600809	6300934.26835992	240.85881221
508488.03600809	6300934.26835992	240.86549126
508488.23600809	6300934.26835992	240.87113579
508488.43600809	6300934.26835992	240.87903639
508488.63600809	6300934.26835992	240.89170678
508488.83600809	6300934.26835992	240.90325338
508489.03600809	6300934.26835992	240.90832754
508489.23600809	6300934.26835992	240.91266099
508489.43600809	6300934.26835992	240.92550810
508489.63600809	6300934.26835992	240.93468742
508489.83600809	6300934.26835992	240.92959927
508490.03600809	6300934.26835992	240.93679927
508490.23600809	6300934.26835992	240.94722541
508490.43600809	6300934.26835992	240.94192153
508490.63600809	6300934.26835992	240.91481063
508490.83600809	6300934.26835992	240.93612528
508491.03600809	6300934.26835992	240.94459927
508491.23600809	6300934.26835992	240.94459927
508491.43600809	6300934.26835992	240.94459927
508491.63600809	6300934.26835992	240.94459927
508483.23600809	6300934.46835992	240.90085803
508483.43600809	6300934.46835992	240.90025066
508483.63600809	6300934.46835992	240.92179927
508483.83600809	6300934.46835992	240.92179927
508484.03600809	6300934.46835992	240.92179927
508484.23600809	6300934.46835992	240.92179927
508484.43600809	6300934.46835992	240.92179927
508484.63600809	6300934.46835992	240.92179927
508484.83600809	6300934.46835992	240.92179927
508485.03600809	6300934.46835992	240.89439927
508485.23600809	6300934.46835992	240.94429283
508485.43600809	6300934.46835992	240.92864421
508485.63600809	6300934.46835992	240.92166726
508485.83600809	6300934.46835992	240.88820850
508486.03600809	6300934.46835992	240.78659927
508486.23600809	6300934.46835992	240.87850205
508486.43600809	6300934.46835992	240.85194708
508486.63600809	6300934.46835992	240.85828439
508486.83600809	6300934.46835992	240.84809906
508487.03600809	6300934.46835992	240.84854519
508487.23600809	6300934.46835992	240.84578612
508487.43600809	6300934.46835992	240.84024019
508487.63600809	6300934.46835992	240.85080429
508487.83600809	6300934.46835992	240.84988032
508488.03600809	6300934.46835992	240.85843242
508488.23600809	6300934.46835992	240.86102534
508488.43600809	6300934.46835992	240.85719502
508488.63600809	6300934.46835992	240.87890356
508488.83600809	6300934.46835992	240.88389899
508489.03600809	6300934.46835992	240.88781385
508489.23600809	6300934.46835992	240.90932952
508489.43600809	6300934.46835992	240.93250952
508489.63600809	6300934.46835992	240.94919927
508489.83600809	6300934.46835992	240.95439927
508490.03600809	6300934.46835992	240.95198531
508490.23600809	6300934.46835992	240.94558174
508490.43600809	6300934.46835992	240.94873612
508490.63600809	6300934.46835992	240.93124502
508490.83600809	6300934.46835992	240.88800299
508491.03600809	6300934.46835992	240.90419927
508491.23600809	6300934.46835992	240.90419927
508491.43600809	6300934.46835992	240.90419927
508491.63600809	6300934.46835992	240.90419927
508483.23600809	6300934.66835992	240.89609927
508483.43600809	6300934.66835992	240.89609927
508483.63600809	6300934.66835992	240.89609927
508483.83600809	6300934.66835992	240.89609927
508484.03600809	6300934.66835992	240.89609927
508484.23600809	6300934.66835992	240.89609927
508484.43600809	6300934.66835992	240.89609927
508484.63600809	6300934.66835992	240.89609927
508484.83600809	6300934.66835992	240.89609927
508485.03600809	6300934.66835992	240.89609927
508485.23600809	6300934.66835992	240.90609927
508485.43600809	6300934.66835992	240.91699927
508485.63600809	6300934.66835992	240.89639927
508485.83600809	6300934.66835992	240.83129927
508486.03600809	6300934.66835992	240.90373612
508486.23600809	6300934.66835992	240.88559829
508486.43600809	6300934.66835992	240.85883038
508486.63600809	6300934.66835992	240.85973286
508486.83600809	6300934.66835992	240.85011828
508487.03600809	6300934.66835992	240.85105245
508487.23600809	6300934.66835992	240.84348297
508487.43600809	6300934.66835992	240.81812611
508487.63600809	6300934.66835992	240.82638772
508487.83600809	6300934.66835992	240.83908359
508488.03600809	6300934.66835992	240.84743811
508488.23600809	6300934.66835992	240.85355227
508488.43600809	6300934.66835992	240.86444719
508488.63600809	6300934.66835992	240.85090420
508488.83600809	6300934.66835992	240.87344792
508489.03600809	6300934.66835992	240.87307706
508489.23600809	6300934.66835992	240.88924502
508489.43600809	6300934.66835992	240.92671948
508489.63600809	6300934.66835992	240.92329927
508489.83600809	6300934.66835992	240.93479927
508490.03600809	6300934.66835992	240.94388616
508490.23600809	6300934.66835992	240.92401632
508490.43600809	6300934.66835992	240.97099927
508490.63600809	6300934.66835992	240.95109927
508490.83600809	6300934.66835992	240.93533594
508491.03600809	6300934.66835992	240.90662881
508491.23600809	6300934.66835992	240.92399927
508491.43600809	6300934.66835992	240.92399927
508491.63600809	6300934.66835992	240.92399927
508483.23600809	6300934.86835992	240.93208770
508483.43600809	6300934.86835992	240.93124914
508483.63600809	6300934.86835992	240.93624837
508483.83600809	6300934.86835992	240.93515832
508484.03600809	6300934.86835992	240.93680854
508484.23600809	6300934.86835992	240.94224799
508484.43600809	6300934.86835992	240.94874776
508484.63600809	6300934.86835992	240.95333091
508484.83600809	6300934.86835992	240.94743630
508485.03600809	6300934.86835992	240.94853498
508485.23600809	6300934.86835992	240.95479927
508485.43600809	6300934.86835992	240.93461667
508485.63600809	6300934.86835992	240.94549927
508485.83600809	6300934.86835992	240.93509927
508486.03600809	6300934.86835992	240.91389927
508486.23600809	6300934.86835992	240.88676492
508486.43600809	6300934.86835992	240.85579927
508486.63600809	6300934.86835992	240.82538365
508486.83600809	6300934.86835992	240.84776698
508487.03600809	6300934.86835992	240.82505529
508487.23600809	6300934.86835992	240.83274554
508487.43600809	6300934.86835992	240.81165186
508487.63600809	6300934.86835992	240.77854870
508487.83600809	6300934.86835992	240.80903590
508488.03600809	6300934.86835992	240.80252062
508488.23600809	6300934.86835992	240.82782390
508488.43600809	6300934.86835992	240.82185305
508488.63600809	6300934.86835992	240.80870630
508488.83600809	6300934.86835992	240.85283005
508489.03600809	6300934.86835992	240.85089984
508489.23600809	6300934.86835992	240.89432739
508489.43600809	6300934.86835992	240.88270254
508489.63600809	6300934.86835992	240.93172544
508489.83600809	6300934.86835992	240.95169927
508490.03600809	6300934.86835992	240.94889927
508490.23600809	6300934.86835992	240.95841752
508490.43600809	6300934.86835992	240.95529927
508490.63600809	6300934.86835992	240.94857718
508490.83600809	6300934.86835992	240.90522422
508491.03600809	6300934.86835992	240.92029927
508491.23600809	6300934.86835992	240.85399927
508491.43600809	6300934.86835992	240.85399927
508491.63600809	6300934.86835992	240.85399927
508483.23600809	6300935.06835992	240.95580175
508483.43600809	6300935.06835992	240.95943504
508483.63600809	6300935.06835992	240.96410824
508483.83600809	6300935.06835992	240.95629948
508484.03600809	6300935.06835992	240.95375045
508484.23600809	6300935.06835992	240.95183818
508484.43600809	6300935.06835992	240.94850458
508484.63600809	6300935.06835992	240.94718993
508484.83600809	6300935.06835992	240.94314049
508485.03600809	6300935.06835992	240.94157419
508485.23600809	6300935.06835992	240.93521228
508485.43600809	6300935.06835992	240.96099927
508485.63600809	6300935.06835992	240.96139927
508485.83600809	6300935.06835992	240.93279927
508486.03600809	6300935.06835992	240.89891654
508486.23600809	6300935.06835992	240.87389557
508486.43600809	6300935.06835992	240.84607146
508486.63600809	6300935.06835992	240.85779411
508486.83600809	6300935.06835992	240.82685732
508487.03600809	6300935.06835992	240.83397574
508487.23600809	6300935.06835992	240.81100073
508487.43600809	6300935.06835992	240.81796703
508487.63600809	6300935.06835992	240.78199561
508487.83600809	6300935.06835992	240.74926960
508488.03600809	6300935.06835992	240.78647539
508488.23600809	6300935.06835992	240.77682215
508488.43600809	6300935.06835992	240.79927748
508488.63600809	6300935.06835992	240.78175184
508488.83600809	6300935.06835992	240.81174948
508489.03600809	6300935.06835992	240.84696280
508489.23600809	6300935.06835992	240.84081378
508489.43600809	6300935.06835992	240.86128934
508489.63600809	6300935.06835992	240.89419927
508489.83600809	6300935.06835992	240.95049927
508490.03600809	6300935.06835992	240.93779927
508490.23600809	6300935.06835992	240.89079927
508490.43600809	6300935.06835992	240.97265095
508490.63600809	6300935.06835992	240.97754612
508490.83600809	6300935.06835992	240.96259927
508491.03600809	6300935.06835992	240.93949927
508491.23600809	6300935.06835992	240.92419927
508491.43600809	6300935.06835992	240.89539927
508491.63600809	6300935.06835992	240.89539927
508483.23600809	6300935.26835992	240.96002770
508483.43600809	6300935.26835992	240.97393125
508483.63600809	6300935.26835992	240.96790950
508483.83600809	6300935.26835992	240.98001256
508484.03600809	6300935.26835992	240.96349286
508484.23600809	6300935.26835992	240.96459253
508484.43600809	6300935.26835992	240.95874410
508484.63600809	6300935.26835992	240.95874666
508484.83600809	6300935.26835992	240.94917116
508485.03600809	6300935.26835992	240.94086275
508485.23600809	6300935.26835992	240.93208035
508485.43600809	6300935.26835992	240.90855911
508485.63600809	6300935.26835992	240.90006621
508485.83600809	6300935.26835992	240.87111877
508486.03600809	6300935.26835992	240.89363498
508486.23600809	6300935.26835992	240.87763667
508486.43600809	6300935.26835992	240.84848506
508486.63600809	6300935.26835992	240.81632965
508486.83600809	6300935.26835992	240.82306127
508487.03600809	6300935.26835992	240.79479927
508487.23600809	6300935.26835992	240.82174359
508487.43600809	6300935.26835992	240.79204468
508487.63600809	6300935.26835992	240.79900586
508487.83600809	6300935.26835992	240.73561513
508488.03600809	6300935.26835992	240.75309927
508488.23600809	6300935.26835992	240.74365186
508488.43600809	6300935.26835992	240.78557617
508488.63600809	6300935.26835992	240.77749884
508488.83600809	6300935.26835992	240.81790261
508489.03600809	6300935.26835992	240.85596188
508489.23600809	6300935.26835992	240.88011751
508489.43600809	6300935.26835992	240.87439927
508489.63600809	6300935.26835992	240.91199927
508489.83600809	6300935.26835992	240.89099927
508490.03600809	6300935.26835992	240.94419927
508490.23600809	6300935.26835992	240.96919927
508490.43600809	6300935.26835992	240.96139927
508490.63600809	6300935.26835992	240.96569927
508490.83600809	6300935.26835992	240.92739927
508491.03600809	6300935.26835992	240.93969927
508491.23600809	6300935.26835992	240.88879927
508491.43600809	6300935.26835992	240.86469927
508491.63600809	6300935.26835992	240.86469927
508483.23600809	6300935.46835992	240.96463250
508483.43600809	6300935.46835992	240.96457755
508483.63600809	6300935.46835992	240.96991144
508483.83600809	6300935.46835992	240.96565155
508484.03600809	6300935.46835992	240.95446179
508484.23600809	6300935.46835992	240.95097812
508484.43600809	6300935.46835992	240.94461553
508484.63600809	6300935.46835992	240.94330494
508484.83600809	6300935.46835992	240.93570674
508485.03600809	6300935.46835992	240.93621854
508485.23600809	6300935.46835992	240.92386775
508485.43600809	6300935.46835992	240.90978243
508485.63600809	6300935.46835992	240.87544791
508485.83600809	6300935.46835992	240.87510511
508486.03600809	6300935.46835992	240.80965843
508486.23600809	6300935.46835992	240.90459927
508486.43600809	6300935.46835992	240.83063601
508486.63600809	6300935.46835992	240.86028240
508486.83600809	6300935.46835992	240.82065617
508487.03600809	6300935.46835992	240.84669927
508487.23600809	6300935.46835992	240.82799927
508487.43600809	6300935.46835992	240.81268350
508487.63600809	6300935.46835992	240.80098577
508487.83600809	6300935.46835992	240.76220647
508488.03600809	6300935.46835992	240.80906797
508488.23600809	6300935.46835992	240.71559927
508488.43600809	6300935.46835992	240.79934306
508488.63600809	6300935.46835992	240.76846016
508488.83600809	6300935.46835992	240.84328996
508489.03600809	6300935.46835992	240.83504417
508489.23600809	6300935.46835992	240.80919927
508489.43600809	6300935.46835992	240.85905625
508489.63600809	6300935.46835992	240.85069927
508489.83600809	6300935.46835992	240.88089927
508490.03600809	6300935.46835992	240.95979927
508490.23600809	6300935.46835992	240.92029927
508490.43600809	6300935.46835992	240.94449927
508490.63600809	6300935.46835992	240.98429927
508490.83600809	6300935.46835992	240.98429927
508491.03600809	6300935.46835992	240.98429927
508491.23600809	6300935.46835992	240.98429927
508491.43600809	6300935.46835992	240.98429927
508491.63600809	6300935.46835992	240.98429927
508483.23600809	6300935.66835992	240.95844384
508483.43600809	6300935.66835992	240.95478689
508483.63600809	6300935.66835992	240.94751459
508483.83600809	6300935.66835992	240.98389927
508484.03600809	6300935.66835992	240.98389927
508484.23600809	6300935.66835992	240.98389927
508484.43600809	6300935.66835992	240.93638965
508484.63600809	6300935.66835992	240.93627500
508484.83600809	6300935.66835992	240.93462326
508485.03600809	6300935.66835992	240.93399519
508485.23600809	6300935.66835992	240.93383192
508485.43600809	6300935.66835992	240.89587229
508485.63600809	6300935.66835992	240.89854953
508485.83600809	6300935.66835992	240.88448363
508486.03600809	6300935.66835992	240.87431531
508486.23600809	6300935.66835992	240.86287141
508486.43600809	6300935.66835992	240.87909927
508486.63600809	6300935.66835992	240.86169927
508486.83600809	6300935.66835992	240.82849927
508487.03600809	6300935.66835992	240.79009927
508487.23600809	6300935.66835992	240.81309927
508487.43600809	6300935.66835992	240.82251716
508487.63600809	6300935.66835992	240.82329927
508487.83600809	6300935.66835992	240.78619927
508488.03600809	6300935.66835992	240.78909927
508488.23600809	6300935.66835992	240.70729927
508488.43600809	6300935.66835992	240.84563317
508488.63600809	6300935.66835992	240.75109927
508488.83600809	6300935.66835992	240.85147160
508489.03600809	6300935.66835992	240.79369927
508489.23600809	6300935.66835992	240.82739927
508489.43600809	6300935.66835992	240.89209927
508489.63600809	6300935.66835992	240.90969927
508489.83600809	6300935.66835992	240.91269927
508490.03600809	6300935.66835992	240.95319927
508490.23600809	6300935.66835992	240.95319927
508490.43600809	6300935.66835992	240.95319927
508490.63600809	6300935.66835992	240.95319927
508490.83600809	6300935.66835992	240.95319927
508491.03600809	6300935.66835992	240.95319927
508491.23600809	6300935.66835992	240.95319927
508491.43600809	6300935.66835992	240.95319927
508491.63600809	6300935.66835992	240.95319927
508483.23600809	6300935.86835992	240.96609927
508483.43600809	6300935.86835992	240.96609927
508483.63600809	6300935.86835992	240.96609927
508483.83600809	6300935.86835992	240.96609927
508484.03600809	6300935.86835992	240.90338225
508484.23600809	6300935.86835992	240.88266451
508484.43600809	6300935.86835992	240.88462075
508484.63600809	6300935.86835992	240.89185281
508484.83600809	6300935.86835992	240.87881526
508485.03600809	6300935.86835992	240.88954008
508485.23600809	6300935.86835992	240.88945899
508485.43600809	6300935.86835992	240.89435932
508485.63600809	6300935.86835992	240.89191467
508485.83600809	6300935.86835992	240.88954008
508486.03600809	6300935.86835992	240.85049927
508486.23600809	6300935.86835992	240.85249927
508486.43600809	6300935.86835992	240.77699927
508486.63600809	6300935.86835992	240.88039927
508486.83600809	6300935.86835992	240.84449927
508487.03600809	6300935.86835992	240.85549927
508487.23600809	6300935.86835992	240.85846106
508487.43600809	6300935.86835992	240.84875827
508487.63600809	6300935.86835992	240.85499927
508487.83600809	6300935.86835992	240.79319927
508488.03600809	6300935.86835992	240.78039927
508488.23600809	6300935.86835992	240.74159927
508488.43600809	6300935.86835992	240.83813090
508488.63600809	6300935.86835992	240.79129927
508488.83600809	6300935.86835992	240.80799927
508489.03600809	6300935.86835992	240.76409927
508489.23600809	6300935.86835992	240.86559927
508489.43600809	6300935.86835992	240.86559927
508489.63600809	6300935.86835992	240.86559927
508489.83600809	6300935.86835992	240.86559927
508490.03600809	6300935.86835992	240.86559927
508490.23600809	6300935.86835992	240.86559927
508490.43600809	6300935.86835992	240.86559927
508490.63600809	6300935.86835992	240.86559927
508490.83600809	6300935.86835992	240.86559927
508491.03600809	6300935.86835992	240.86559927
508491.23600809	6300935.86835992	240.86559927
508491.43600809	6300935.86835992	240.86559927
508491.63600809	6300935.86835992	240.86559927
508483.23600809	6300936.06835992	240.81798475
508483.43600809	6300936.06835992	240.80798262
508483.63600809	6300936.06835992	240.84061996
508483.83600809	6300936.06835992	240.81751719
508484.03600809	6300936.06835992	240.84015147
508484.23600809	6300936.06835992	240.86052448
508484.43600809	6300936.06835992	240.87982561
508484.63600809	6300936.06835992	240.93389927
508484.83600809	6300936.06835992	240.93389927
508485.03600809	6300936.06835992	240.93389927
508485.23600809	6300936.06835992	240.93389927
508485.43600809	6300936.06835992	240.93389927
508485.63600809	6300936.06835992	240.93389927
508485.83600809	6300936.06835992	240.89160863
508486.03600809	6300936.06835992	240.88109927
508486.23600809	6300936.06835992	240.88604681
508486.43600809	6300936.06835992	240.88053341
508486.63600809	6300936.06835992	240.88358259
508486.83600809	6300936.06835992	240.89489927
508487.03600809	6300936.06835992	240.86994829
508487.23600809	6300936.06835992	240.86200053
508487.43600809	6300936.06835992	240.85377772
508487.63600809	6300936.06835992	240.85067642
508487.83600809	6300936.06835992	240.84573989
508488.03600809	6300936.06835992	240.82939927
508488.23600809	6300936.06835992	240.83949927
508488.43600809	6300936.06835992	240.81048392
508488.63600809	6300936.06835992	240.85849927
508488.83600809	6300936.06835992	240.85849927
508489.03600809	6300936.06835992	240.85849927
508489.23600809	6300936.06835992	240.85849927
508489.43600809	6300936.06835992	240.85849927
508489.63600809	6300936.06835992	240.85849927
508489.83600809	6300936.06835992	240.85849927
508490.03600809	6300936.06835992	240.85849927
508490.23600809	6300936.06835992	240.85849927
508490.43600809	6300936.06835992	240.85849927
508490.63600809	6300936.06835992	240.85849927
508490.83600809	6300936.06835992	240.85849927
508491.03600809	6300936.06835992	240.85849927
508491.23600809	6300936.06835992	240.85849927
508491.43600809	6300936.06835992	240.85849927
508491.63600809	6300936.06835992	240.85849927
508483.23600809	6300936.26835992	240.81862565
508483.43600809	6300936.26835992	240.72848602
508483.63600809	6300936.26835992	240.75995831
508483.83600809	6300936.26835992	240.77883109
508484.03600809	6300936.26835992	240.73396165
508484.23600809	6300936.26835992	240.79451526
508484.43600809	6300936.26835992	240.79369643
508484.63600809	6300936.26835992	240.84339866
508484.83600809	6300936.26835992	240.82403395
508485.03600809	6300936.26835992	240.85815342
508485.23600809	6300936.26835992	240.86332072
508485.43600809	6300936.26835992	240.87662677
508485.63600809	6300936.26835992	240.87821004
508485.83600809	6300936.26835992	240.88126934
508486.03600809	6300936.26835992	240.88111068
508486.23600809	6300936.26835992	240.88132902
508486.43600809	6300936.26835992	240.87867402
508486.63600809	6300936.26835992	240.88128480
508486.83600809	6300936.26835992	240.88440512
508487.03600809	6300936.26835992	240.87489740
508487.23600809	6300936.26835992	240.88679927
508487.43600809	6300936.26835992	240.85545070
508487.63600809	6300936.26835992	240.84621119
508487.83600809	6300936.26835992	240.84515531
508488.03600809	6300936.26835992	240.83946936
508488.23600809	6300936.26835992	240.83127899
508488.43600809	6300936.26835992	240.81621514
508488.63600809	6300936.26835992	240.78924628
508488.83600809	6300936.26835992	240.84925316
508489.03600809	6300936.26835992	240.85699508
508489.23600809	6300936.26835992	240.88902678
508489.43600809	6300936.26835992	240.89447311
508489.63600809	6300936.26835992	240.93340450
508489.83600809	6300936.26835992	240.91485936
508490.03600809	6300936.26835992	240.94172784
508490.23600809	6300936.26835992	240.92231241
508490.43600809	6300936.26835992	240.93363830
508490.63600809	6300936.26835992	240.97569927
508490.83600809	6300936.26835992	240.97569927
508491.03600809	6300936.26835992	240.97569927
508491.23600809	6300936.26835992	240.97569927
508491.43600809	6300936.26835992	240.97569927
508491.63600809	6300936.26835992	240.97569927
508483.23600809	6300936.46835992	240.87639626
508483.43600809	6300936.46835992	240.80752872
508483.63600809	6300936.46835992	240.71260271
508483.83600809	6300936.46835992	240.72294945
508484.03600809	6300936.46835992	240.77848736
508484.23600809	6300936.46835992	240.74848449
508484.43600809	6300936.46835992	240.78942652
508484.63600809	6300936.46835992	240.79712584
508484.83600809	6300936.46835992	240.83623723
508485.03600809	6300936.46835992	240.87093837
508485.23600809	6300936.46835992	240.88856254
508485.43600809	6300936.46835992	240.89234166
508485.63600809	6300936.46835992	240.89168191
508485.83600809	6300936.46835992	240.88609872
508486.03600809	6300936.46835992	240.88302478
508486.23600809	6300936.46835992	240.88073271
508486.43600809	6300936.46835992	240.88110898
508486.63600809	6300936.46835992	240.88132775
508486.83600809	6300936.46835992	240.87992045
508487.03600809	6300936.46835992	240.88424072
508487.23600809	6300936.46835992	240.88064238
508487.43600809	6300936.46835992	240.87461181
508487.63600809	6300936.46835992	240.85609473
508487.83600809	6300936.46835992	240.83631566
508488.03600809	6300936.46835992	240.83727847
508488.23600809	6300936.46835992	240.83685302
508488.43600809	6300936.46835992	240.83864395
508488.63600809	6300936.46835992	240.81787627
508488.83600809	6300936.46835992	240.78383374
508489.03600809	6300936.46835992	240.83814178
508489.23600809	6300936.46835992	240.87510298
508489.43600809	6300936.46835992	240.90086255
508489.63600809	6300936.46835992	240.90892957
508489.83600809	6300936.46835992	240.93775997
508490.03600809	6300936.46835992	240.92612216
508490.23600809	6300936.46835992	240.93803207
508490.43600809	6300936.46835992	240.93683698
508490.63600809	6300936.46835992	240.93060435
508490.83600809	6300936.46835992	240.93457743
508491.03600809	6300936.46835992	240.90417572
508491.23600809	6300936.46835992	240.87789398
508491.43600809	6300936.46835992	240.92108998
508491.63600809	6300936.46835992	240.91849170
508483.23600809	6300936.66835992	240.80388751
508483.43600809	6300936.66835992	240.69720133
508483.63600809	6300936.66835992	240.78199927
508483.83600809	6300936.66835992	240.66239927
508484.03600809	6300936.66835992	240.72919927
508484.23600809	6300936.66835992	240.80459927
508484.43600809	6300936.66835992	240.72409927
508484.63600809	6300936.66835992	240.80409927
508484.83600809	6300936.66835992	240.84384696
508485.03600809	6300936.66835992	240.87126516
508485.23600809	6300936.66835992	240.87697631
508485.43600809	6300936.66835992	240.88341826
508485.63600809	6300936.66835992	240.88238721
508485.83600809	6300936.66835992	240.88196194
508486.03600809	6300936.66835992	240.88056129
508486.23600809	6300936.66835992	240.88103204
508486.43600809	6300936.66835992	240.87978841
508486.63600809	6300936.66835992	240.88079710
508486.83600809	6300936.66835992	240.88551173
508487.03600809	6300936.66835992	240.87728341
508487.23600809	6300936.66835992	240.88679927
508487.43600809	6300936.66835992	240.85677651
508487.63600809	6300936.66835992	240.83530377
508487.83600809	6300936.66835992	240.83737549
508488.03600809	6300936.66835992	240.82939927
508488.23600809	6300936.66835992	240.83949927
508488.43600809	6300936.66835992	240.81474085
508488.63600809	6300936.66835992	240.77700265
508488.83600809	6300936.66835992	240.80799927
508489.03600809	6300936.66835992	240.76409927
508489.23600809	6300936.66835992	240.86559927
508489.43600809	6300936.66835992	240.89209927
508489.63600809	6300936.66835992	240.90969927
508489.83600809	6300936.66835992	240.91269927
508490.03600809	6300936.66835992	240.95319927
508490.23600809	6300936.66835992	240.92029927
508490.43600809	6300936.66835992	240.94449927
508490.63600809	6300936.66835992	240.93812107
508490.83600809	6300936.66835992	240.92739927
508491.03600809	6300936.66835992	240.93969927
508491.23600809	6300936.66835992	240.88879927
508491.43600809	6300936.66835992	240.86469927
508491.63600809	6300936.66835992	240.94449927
